[gd_scene load_steps=8 format=3 uid="uid://dfjevmtwfwyhm"]

[ext_resource type="Material" uid="uid://cg0nkkyaaj6mw" path="res://Materials/floor_material.tres" id="1_rbkpm"]
[ext_resource type="PackedScene" uid="uid://f4dyalr0fb7i" path="res://controllers/fps_controller.tscn" id="1_xp6k1"]
[ext_resource type="Material" uid="uid://dxwxs2eshoqg1" path="res://Materials/wall_material.tres" id="2_wfv0a"]

[sub_resource type="ProceduralSkyMaterial" id="ProceduralSkyMaterial_wxva8"]
sky_horizon_color = Color(0.64625, 0.65575, 0.67075, 1)
ground_horizon_color = Color(0.64625, 0.65575, 0.67075, 1)

[sub_resource type="Sky" id="Sky_dsf3l"]
sky_material = SubResource("ProceduralSkyMaterial_wxva8")

[sub_resource type="Environment" id="Environment_mbg6l"]
background_mode = 2
sky = SubResource("Sky_dsf3l")
tonemap_mode = 2
glow_enabled = true

[sub_resource type="StandardMaterial3D" id="StandardMaterial3D_xrp64"]
albedo_color = Color(0.966748, 0.487544, 0.438223, 1)

[node name="World" type="Node3D"]

[node name="DirectionalLight3D" type="DirectionalLight3D" parent="."]
transform = Transform3D(-0.866023, -0.433016, 0.250001, 0, 0.499998, 0.866027, -0.500003, 0.749999, -0.43301, 0, 0, 0)
shadow_enabled = true

[node name="WorldEnvironment" type="WorldEnvironment" parent="."]
environment = SubResource("Environment_mbg6l")

[node name="Floor" type="CSGBox3D" parent="."]
transform = Transform3D(1, 0, 0, 0, 1, 0, 0, 0, 1, 0, -0.005, 0)
use_collision = true
size = Vector3(31, 0.01, 31)
material = ExtResource("1_rbkpm")

[node name="Ramp" type="CSGBox3D" parent="Floor"]
transform = Transform3D(0.707107, -0.183013, 0.683013, 8.88179e-16, 0.965926, 0.258819, -0.707107, -0.183013, 0.683013, 5.26251, -0.00625807, 5.27954)
size = Vector3(2, 1, 3.7002)
material = SubResource("StandardMaterial3D_xrp64")

[node name="BoxMid1" type="CSGBox3D" parent="Floor"]
transform = Transform3D(1, 0, 0, 0, 1, 0, 0, 0, 1, -5.5, 0.952087, -0.5)
size = Vector3(2, 1.9, 2)
material = ExtResource("2_wfv0a")

[node name="BoxMid2" type="CSGBox3D" parent="Floor"]
transform = Transform3D(1, 0, 0, 0, 1, 0, 0, 0, 1, -5.5, 0.952087, 5.5)
size = Vector3(2, 1.9, 2)
material = ExtResource("2_wfv0a")

[node name="BoxShort" type="CSGBox3D" parent="Floor"]
transform = Transform3D(0.866025, 0, -0.5, 0, 1, 0, 0.5, 0, 0.866025, -3.5, 0.369794, -5.5)
size = Vector3(2, 0.8, 2)
material = ExtResource("2_wfv0a")

[node name="BoxTall" type="CSGBox3D" parent="Floor"]
transform = Transform3D(0.965926, 0, -0.258819, 0, 1, 0, 0.258819, 0, 0.965926, -1.5, 1.50209, 8.5)
size = Vector3(2, 3, 2)
material = ExtResource("2_wfv0a")

[node name="Wall" type="CSGBox3D" parent="Floor"]
transform = Transform3D(1, 0, 4.47035e-08, 0, 1, 0, -4.47035e-08, 0, 1, 15, 1.50209, 4.76837e-07)
size = Vector3(1, 3, 25)
material = ExtResource("2_wfv0a")

[node name="RoofCrouch" type="CSGBox3D" parent="Floor"]
transform = Transform3D(0.707107, 0, 0.707107, 0, 1, 0, -0.707107, 0, 0.707107, 5.146, 1.7, -4.854)
size = Vector3(2, 0.5, 5)
material = ExtResource("2_wfv0a")

[node name="CharacterBody3D" parent="." instance=ExtResource("1_xp6k1")]
